A beadandó program html5, css, js használatával készült Webstorm alkalmazásban.
Az All Out nevezetű játékot kellett megvalósítani: https://www.youtube.com/watch?v=S06WS7B9g9w

legalább 3 különböző pályát kellet megvalósítani, eltelt időt mérni kellett a lépések számával együtt. Továbbá alkalmazza a következő elemeket: Háttérzene, eseményhang, animáció, pontszámmérés, toplista névbeírási lehetőséggel, pontszámmal.

Háttérzene lejátszásához az adott böngészőben engedélyezni kell a hangot 
a webhelybeállításokon belül az engedélyeknél.

pályákhoz megoldás:

"Minta 1"
          
 [1, 1, 0, 1, 1],                 [2, 0, 0, 0, 5],
 [1, 0, 1, 0, 1],   megoldás:     [0, 0, 0, 0, 0],
 [0, 1, 1, 1, 0],                 [0, 0, 1, 0, 0],
 [1, 0, 1, 0, 1],                 [0, 0, 0, 0, 0],
 [1, 1, 0, 1, 1]                  [3, 0, 0, 0, 4]
      

"Minta 2"

[0, 1, 0, 1, 0],                 [1, 3, 0, 8, 12],
[1, 1, 0, 1, 1],   megoldás:     [0, 4, 0, 9, 0],
[0, 1, 0, 1, 0],                 [2, 5, 0, 10, 13],
[1, 0, 1, 0, 1],                 [0, 0, 0, 0, 0],
[1, 0, 1, 0, 1]                  [0, 6, 7, 11, 0]


"Minta 3"

[1, 0, 0, 0, 1],                 [1, 0, 3, 0, 6],
[1, 1, 0, 1, 1],   megoldás:     [0, 0, 4, 0, 0],
[0, 0, 1, 0, 0],                 [0, 0, 0, 0, 0],
[1, 0, 1, 0, 0],                 [0, 0, 0, 0, 0],
[1, 0, 1, 1, 0]                  [2, 0, 5, 0, 0]


"Minta 4"

[1, 1, 0, 1, 1],                 [1, 0, 0, 0, 4],
[0, 0, 0, 0, 0],   megoldás:     [0, 0, 0, 0, 0],
[1, 1, 0, 1, 1],                 [2, 0, 0, 0, 5],
[0, 0, 0, 0, 1],                 [0, 0, 0, 0, 0],
[1, 1, 0, 0, 0]                  [3, 0, 0, 0, 0]

"Minta 5"

[1, 1, 1, 1, 1],                 [0, 0, 0, 10, 14],
[1, 1, 1, 1, 1],   megoldás:     [1, 4, 0, 11, 15],
[1, 1, 1, 1, 1],                 [2, 5, 7, 0, 0],
[1, 1, 1, 1, 1],                 [0, 6, 8, 12, 0],
[1, 1, 1, 1, 1]                  [3, 0, 9, 13, 0]

"Minta 6"

[0, 0, 0, 1, 1],                 [0, 0, 0, 8, 11],
[0, 0, 0, 1, 1],   megoldás:     [0, 0, 6, 9, 12],
[0, 0, 0, 0, 0],                 [0, 3, 0, 10, 0],
[1, 1, 0, 0, 0],                 [1, 4, 7, 0, 0],
[1, 1, 0, 0, 0]                  [2, 5, 0, 0, 0]

"Minta 7"

[0, 0, 0, 0, 0],                 [1, 3, 8, 0, 0],
[0, 1, 1, 1, 0],   megoldás:     [0, 4, 0, 10, 0],
[1, 1, 1, 1, 1],                 [0, 5, 0, 0, 12],
[0, 1, 1, 1, 0],                 [0, 6, 0, 11, 0],
[0, 0, 0, 0, 0]                  [2, 7, 9, 0, 0]

"Minta 8"

[0, 0, 0, 0, 0],                 [0, 0, 5, 0, 0],
[0, 1, 1, 1, 0],   megoldás:     [0, 2, 6, 10, 0],
[0, 1, 1, 1, 0],                 [1, 3, 7, 11, 13],
[0, 1, 1, 1, 0],                 [0, 4, 8, 12, 0],
[0, 0, 0, 0, 0]                  [0, 0, 9, 0, 0]

"Minta 9"

[1, 1, 0, 1, 1],                 [0, 1, 5, 9, 0],
[1, 1, 0, 1, 1],   megoldás:     [0, 2, 6, 10, 0],
[0, 0, 0, 0, 0],                 [0, 0, 0, 0, 0],
[1, 1, 0, 1, 1],                 [0, 3, 7, 11, 0],
[1, 1, 0, 1, 1]                  [0, 4, 8, 12, 0]

"Minta 10"      

[1, 1, 1, 1, 1],                 [0, 0, 0, 9, 13],
[0, 1, 1, 1, 0],   megoldás:     [1, 3, 0, 10, 14],
[0, 0, 1, 0, 0],                 [0, 4, 6, 0, 15],
[0, 1, 1, 1, 0],                 [0, 5, 7, 11, 0],
[1, 1, 1, 1, 1]                  [2, 0, 8, 12, 0]
